Dr HYNEK'S EVALUATIONS EXTRACTED FROM PROJECT GRUDGE REPORT.

INCIDENT INDEX

1. Astronomical

a. High probability:
#26, 27, 30, 31, 32, 33, 34, 48, 49, 59, 60, 68, 69, 70, 94,
95, 96, 97, 98, 101, 102, 103, 104, 115, 119, 132, 136, 140,
147, 148, 158, 174, 184, 188, 197, 203, 204, 208, 216,
219, 238.

b. Fair or low probability:
#19, 20, 24, 24, 28, 38, 35, 46, 60, 63, 67, 80, 82, 88, 100,
112, 120, 121, 129, 130, 144, 153, 165, 166, 167, 176, 192,
199, 202, 205, 220, 230, 240.

2. Non-astronomical but suggestive of other explanations

a. Balloons or ordinary aircraft:
#3, 11, 22, 41, 42, 53, 54, 78, 81, 83, 91, 92, 113, 114, 116,
128, 131, 138, 141, 145, 155, 156, 157, 159, 160, 161, 163,
169, 171, 173, 178, 180, 182, 188, 190, 194, 195, 196, 199,
230, 201, 209, 210, 217, 232, 236, 237, 239.

b. Rockets, flares or falling bodies:
#4, 5, 6, 7, 8, 9, 12, 13, 14, 15, 16, 25, 50, 65, 78, 106, 107,
108, 109, 133, 170, 211, 219.

c. Miscellaneous (reflections, auroral streamers, birds, etc.):
#39, 89, 123, 124, 128, 146, 164, 181, 189, 214, 221, 231, 234.

3. Non-astronomical, with no explanation evident

a. Lack of evidence precludes explanation:
#33, 44, 45, 47, 55, 57, 72, 86, 87, 88, 90, 99, 110, 117, 139,
125, 127, 137, 139, 149, 150, 177, 179, 191, 208, 212, 213,
229, 232, 233.

b. Evidence offered suggests no explanation:
#1, 2, 10, 17, 31, 35, 37, 40, 51, 52, 84, 91, 92, 94, 95, 71,
75, 78, 77, 79, 84, 150, 111, 122, 135, 151, 152, 154, 162,
180, 172, 178, 183, 186, 193, 207, 215, 223, 224, 225, 228,
227, 235, 241, 242, 243, 244, 244.