Dr HYNEK'S EVALUATIONS EXTRACTED FROM PROJECT GRUDGE REPORT.

INCIDENT INDEX

1. Astronomical

a. High probability:
#26, 27, 30, 31, 32, 33, 34, 48, 49, 59, 60, 66, 69, 70, 94,
99, 90, 97, 98, 101, 102, 103, 104, 115, 119, 132, 136, 140,
147, 148, 158, 174, 184, 185, 187, 197, 203, 204, 208, 215,
219, 239.

b. Fair or low probability:
#15, 19, 23, 24, 28, 35, 36, 46, 60, 63, 67, 80, 82, 83, 100,
112, 120, 121, 122, 130, 144, 153, 155, 156, 167, 176, 192,
199, 202, 205, 220, 230, 240.

2. Non-astronomical but suggestive of other explanations

a. Balloons or ordinary aircraft:
#3, 11, 22, 41, 42, 53, 54, 73, 81, 83, 91, 92, 113, 114, 116,
129, 131, 139, 141, 145, 153, 155, 157, 159, 160, 161, 163,
169, 171, 173, 179, 180, 192, 198, 190, 191, 195, 196, 198,
200, 201, 209, 210, 217, 222, 235, 237, 239.

b. Rockets, flares or falling bodies:
#4, 5, 6, 7, 8, 9, 12, 13, 14, 16, 18, 25, 56, 65, 78, 106, 107,
108, 109, 133, 179, 211, 213.

c. Miscellaneous (reflections, auroral streamers, birds, etc.):
#39, 39, 123, 124, 128, 146, 164, 181, 189, 214, 221, 231, 234.

3. Non-astronomical, with no explanation evident

a. Lack of evidence precludes explanation:
#39, 44, 45, 47, 55, 57, 72, 86, 87, 88, 90, 99, 110, 117, 118,
125, 127, 137, 139, 149, 150, 177, 179, 191, 208, 212, 213,
229, 232, 233.

b. Evidence offered suggests no explanation:
#1, 2, 10, 17, 21, 29, 37, 40, 51, 52, 58, 61, 62, 64, 68, 71,
75, 76, 77, 79, 84, 105, 111, 122, 128, 151, 152, 154, 162,
168, 172, 178, 183, 185, 193, 207, 218, 223, 224, 225, 226,
227, 236, 241, 242, 243, 244, 194.