U.S. DEPARTMENT OF COMMERCE
WEATHER BUREAU

Year: 1964
Month: MAY
Day: 18
Time: 0030

WINDS-ALOFT COMPUTATION SHEET
(OBSERVATION FORM)
WBAN-20

Scheduled: 1964 MAY 18
Time: 0030
Ascension No.: 542

Orientation: 360° North; 360° South

Rain ht. above surface (m.): | Elevation angle° Observed | Smoothed | Distance from observation point (m.) | Azimuth (degrees true) | Direction ° 360° N. | Wind Speed (m.p.s.)

1 | 250 | 35.6 | | 450 | 3072 | 1 | 320 | 9.5
2 | 2020 | 29.2 | | 2150 | 3180 | 2 | 257 | 8.5
3 | 1010 | 24.3 | | 1650 | 3265 | 3 | 295 | 8.1
4 | 1400 | 23.8 | | 2260 | 332.3 | 4 | 320 | 8.9
5 | 1286 | 19.4 | | 2950 | 332.0 | 5 | 294 | 9.0
6 | 3106 | 34.6 | | 2580 | 3263 | 6 | 286 | 8.1
7 | 2470 | 37.6 | | 3200 | 3375 | 7 | 250 | 9.7
8 | 2256 | 21.0 | | 3520 | 3343 | 8 | 273 | 10.5
9 | 2460 | 26.6 | | 4400 | 3354 | 9 | 228 | 13.2
10 | 2520 | 25.2 | | 5100 | 3365 | 10 | 257 | 12.0
11 | 3904 | 33.7 | | 5850 | 3357 | 11 | 304 | 13.5
12 | 2320 | 26.2 | | 6290 | 3332 | 12 | 309 | 17.3
13 | 1700 | 32.1 | | 2500 | 3029 | 13 | 325 | 16.0
14 | 670 | 31.0 | | 3500 | 3107 | 14 | 313 | 20.7
15 | 5700 | 22.7 | | 9250 | 3203 | 15 | 312 | 21.0
16 | 5900 | 22.1 | | 11700 | 3115 | 16 | 312 | 23.9
17 | 6250 | 26.2 | | 12300 | 3100 | 17 | 321 | 23.0
18 | 7200 | 25.5 | | 12800 | 3096 | 18 | 324 | 22.6
19 | 9050 | 24.7 | | 13100 | 3301 | 19 | | 
20 | | 23.1 | | | 3103 | 20 | 313 | 22.0
21 | 7610 | 22.6 | | 18240 | | 21 | | 
22 | | 22.2 | | | 3102 | 22 | 309 | 25.5
23 | 3810 | 22.0 | | 21200 | 3101 | 23 | | 
24 | | 26.5 | | | 3105 | 24 | 317 | 26.0
25 | 2470 | 22.2 | | 24300 | 3011 | 25 | | 
26 | | 20.6 | | | 3116 | 26 | 319 | 29.0
27 | 16179 | 20.0 | | 27200 | 3126 | 27 | | 
28 | | 19.0 | | | 3124 | 28 | 328 | 30.5
29 | 10201 | 19.6 | | 31560 | 3129 | 29 | | 
30 | | 17.70 | | | 3136 | 30 | 330 | 27.0
31 | 17220 | 17.45 | | 31952 | 3147 | 31 | | 
32 | | 11.35 | | | 3112 | 32 | 302 | 24.0
33 | 12570 | 15.35 | | 22300 | 323 | 33 | | 
34 | | 12.65 | | | 3115 | 34 | 309 | 28.0
35 | 13220 | 12.15 | | 40260 | 3015 | 35 | | 
36 | 13630 | 13.77 | | 42260 | 325 | 36 | 309 | 18.0
37 | | 17.50 | | | 3305 | 37 | | 
38 | | 16.35 | | | 3050 | 38 | 307 | 19.0
39 | | 17.50 | | | 3141 | 39 | | 
40 | | 16.70 | | | 3110 | 40 | 355 | 13.7
41 | | 16.75 | | | 3111 | 41 | | 
42 | 27900 | 15.76 | | 96500 | 3120 | 42 | 276 | 15.5
43 | | 9.55 | | | 3095 | 43 | | 
44 | 17570 | 10.33 | | 47230 | 2950 | 44 | 281 | 6.5
45 | | 10.32 | | | 2930 | 45 | | 
46 | 16510 | 10.39 | | [illegible] | 2350 | 46 | 313 | 5.0
47 | | [illegible] | | [illegible] | [illegible] | 47 | | 
48 | 21360 | 1.0 | | 98570 | 3170 | 48 | 321 | 6.0
49 | | 2.9 | | | 3159 | 49 | | 
50 | 25302 | 1.6 | | [illegible] | 3103 | 50 | 303 | 3.5

Coded Date For Transmitted:

1 | 2 | 3317 | 1012 | 4 | 3516 | 1113 | 6 | 5112 | 2316 | 8 | 25117
2 | 5231 | 4 | 3427 | 6 | 3319 | 8 | 3125 | 0 | 3105 | 3 | 1441 | E | 447 | 7 | 3251
3 | 2354 | 5 | 3703 | 7 | 23627 | 8 | 23125 | 9 | 3110 | E | [illegible] | 7 | [illegible]

Downwinds Time-Altitude Data
Calculated Altitude (feet M.S.L.) | Elapsed time (min.)

10 | 1010 | 2.0
15 | 970 | 77.2 | 2.6
20 | 930 | 2060 | 6.0
25 | 914 | 2910 | 7.7
30 | 914 | 2610 | 7.6
35 | 916 | 2610 | 8.1
40 | 914 | 6/810 | 12.2
45 | 914 | 5510 | 15.1
50 | 626 | 6590 | 16.7
55 | 625 | 7000 | 12.0
60 | 531 | 7720 | 20.7
65 | 342 | 8500 | 22.6
70 | 546 | 9730 | 22.9
75 | 225 | 10640 | 26.6
80 | 212 | 10320 | 28.6
85 | 206 | 11610 | 28.7
90 | 155 | 12400 | 32.7
95 | 114 | 13330 | 39.7
100 | 245 | 14250 | 40.0
105 | 123 | 15070 | 39.2
110 | 102 | 16100 | 62.8
115 | | 17410 | 62.5
120 | 733 | 17530 | 66.5
125 | 59 | 13330 | 69.5
130 | 449 | 21110 | 5331
135 | 310 | 22500 | 66.0
140 | 21 | 26370 | 65.2

[Punched Card Data - Small data table in bottom right with various entries]

Maximum Wind Speed Data
Min. altitudes 45 m.p.s. or more (m.)
Alt. of maximum wind speed (m.)
Dir. (degrees) and wind speed 45 m.p.s. or more (m.)
Enter check if additional levels appear on reverse side.