U.S. DEPARTMENT OF COMMERCE
WEATHER BUREAU

WINDS-ALOFT COMPUTATION SHEET
(LANDSTATION FORM)
WBANNO

[stamp: Actual
Time (hr. min)
1904
[illegible]

[stamp: Year Month Day Time
1904 [illegible] 10 [illegible]
17]

Orientation, 360° = South                    Rawinsonde Time-Altitude Data

Row  | Elevation angle°        | Distance from | Azimuth  | Direction° | Speed  | Time | Pressure | Altitude | Elapsed
No.  |                         | observation   | angle    | 360°=N.    | (m.p.s.)| (min)| (mb)     | (m., m.sl.)| Time (min.)
     | Observed | Smoothed    | point         |          |            |        |      |          |           |
     |          |             | (m)           |          |            |        |      |          |           |
-----|----------|-------------|---------------|----------|------------|--------|------|----------|-----------|----------
1    | 6.0      | 53.7        | 28 0          | 32.5     | 1          | 318    | <.5  | 10       | 100       | 0.1
2    | 90.2     | 51.9        | 601.3         | 312.2    | 2          | 302    | 4.3  | 10       | 250       | 0.4
3    | 49.3     | 52.3        | 842.5         | 313      | 3          | 326    | 5.0  | 15       | 360       | 1.2
4    | 49.3     | 51.7        | 1125.3        | 311.5    | 4          | 326    | 9.0  | 20       | 570       | 0.1
5    | 62.0     | 53.6        | 1 73.3        | 314.1    | 5          | 322    | 10.2 | 25       | 970       | 0.9
6    | 63.95    | 46.6        | 2435.0        | 322.7    | 6          | 317    | 11.5 | 30       | 1050      | 1.4
7    | 59.0     | 42.3        | 2918.3        | 326.4    | 7          | 319    | 13.7 | 45       | 3570      | 11.7
8    | 62.70    | 41.7        | [illegible]   | 338.1    | 8          | 344    | 10.9 | 50       | 6370      | 15.3
9    | 36.79    | 39.7        | 4694.5        | 142.0    | 9          | 363    | 12.1 | 55       | 7040      | 17.0
10   | 63.58    | 32.3        | 6313.3        | 329.5    | 10         | 349    | 13.6 | 60       | 9160      | 19.7
11   | 46.30    | 27.7        | 6793.6        | 334.6    | 11         | 359    | 14.5 | 65       | 11570     | 21.0
12   | 49.30    | 25.7        | 6633.0        | 336.7    | 12         | 355    | 15.5 | 70       | 13370     | 23.7
13   | 53.90    | 27.9        | 7633.3        | 329.1    | 13         | 337    | 16.0 | 75       | 14970     | 26.9
14   | 57.30    | 25.6        | 9020         | 316.9    | 14         | 322    | 15.6 | 80       | 16770     | 29.9
15   | 64.30    | 23.6        | 9603.3        | 316.1    | 15         | 321    | 16.3 |          |           |
16   | 63.30    | 30.9        | 10560.0       | 315.7    | 16         | 332    | 16.7 | 85       | 19170     | 36.3
17   | 69.10    | 3.2         | 11813.0       | 373.6    | 17         |        | 17.2 | 90       | 19670     | 39.1
18   |          | 29.6        |               | 319.1    | 18         | 323    | 12.0 |          |           |
19   | 22.10    | 27.8        | 14020.3       | 322.5    | 19         |        |      | 100      | 21330     | 41.9
20   |          | 23.7        |               | 232.6    | 20         | 307    | 20.7 | 105      | 23130     | 44.0
21   | 44.30    | 27.5        | 16533.3       | 312.6    | 21         |        |      |          |           |
22   |          | 31.3        |               | 321.0    | 22         | 336    | 20.9 | 110      | 26390     | 49.0
23   | 90.60    | 23.3        | 1933.6        | 321.1    | 23         | 333    | 24.0 | 115      | 27490     | 50.1
24   |          | 24.4        |               | 321.9    | 24         |        |      |          |           |
25   | 979.0    | 31.6        | 21920.3       | 322.1    | 25         |        |      | 120      | 29690     | 52.3
26   |          | 23.7        |               | 232.1    | 26         | 324    | 21.30| 125      | 30740     | 54.6
27   | 16.10    | 23.3        | 24320.0       | 232.9    | 27         |        |      | 130      | 31170     | 56.3
28   |          | 22.9        |               | 332.6    | 28         | 337    | 23.4 |          |           |
29   | 14.30    | 21.6        | 28313.3       | 233.0    | 29         |        |      |          |           |
30   |          | 21.2        |               | 232.5    | 30         | 344    | 24.0 |          |           |
31   | 122.0    | 20.6        | 32113.0       | 234.7    | 31         |        |      |          |           |
32   |          | 21.2        |               | 232.6    | 32         | 335    | 19.5 |          |           |
33   | 1370.0   | 20.6        | 34514.3       | 232.8    | 33         |        |      |          |           |
34   | 32.30    | 20.6        | 36543.3       | 232.3    | 34         | 312    | 14.0 |          |           |
35   | 2199.0   | 19.9        | 38363.3       | 235.4    | 35         |        |      |          |           |
36   | 14410    | 21.2        | 40483.3       | 231.0    | 36         | 301    | 16.0 |          |           |
37   |          | 26.2        |               | 312.2    | 37         |        |      |          |           |
38   | 15430    | 21.3        | 55113.3       | 232.7    | 38         | 307    | 16.0 |          |           |
39   |          | 21.5        |               | 239.3    | 39         |        |      |          |           |
40   | 16313.0  | 21.6        | 60313.3       | 232.6    | 40         | [illegible] | [illegible] |          |           |
41   |          | 21.6        |               | 232.5    | 41         |        |      |          |           |
42   | 1934.0   | 22.1        | 64500.0       | 232.6    | 42         | 309    | 10.0 |          |           |
43   |          | 22.5        |               | 234.6    | 43         |        |      |          |           |
44   | 19283.0  | 20.5        | 66113.3       | 233.1    | 44         | 303    | 15.0 |          |           |
45   |          | 22.2        |               | 231.9    | 45         |        |      |          |           |
46   | 19265    | 22.6        | 4493300       | 324.7    | 46         | 303    | 6.0  |          |           |
47   |          | 22.3        |               | 234.9    | 47         |        |      |          |           |
48   | 19153.0  | 21.7        | 80132.3       | 236.6    | 48         | 236    | 4.0  |          |           |
49   |          | 25.1        |               | 326.5    | 49         |        |      |          |           |
50   | 23105    | 23.2        | 82516.0       | 326.5    | 50         | 113    | 2.6  |          |           |

[Additional encoded data section at bottom - partially illegible]

Type of | Type of
equipment | equipment
[Left section shows "3/0" and equipment codes]
[Right section shows cards numbered 1, 2 with various numerical data]

Maximum Wind Speed Data
Min. alti. wind speed
At 1/10 max. alti.
Alt. of maximum
wind speed (m)
Dir. (degrees) and speed
(m.p.s.) of max. wind
shown for each 100 m
or less (m)
Enter check if additional
data appear on reverse side.