Proj: 5992D - STAR TREK - St. Paul, Minnesota     (Upper-air observation for St. Clnod, Minnesota)
27 December 1966 - 1800L

72655          00222          85471          59784          01114          70961          64794          01414

50547          77521          02014          40704          88929          02243          30894          05—7

02207          25009          07—6          02456          20150          05—4          02446          15334

05—-3          02533          10592          05—6          02823          11122          97268          09—-1

—25 65          /////          —0313          22068

72655          55555          00988          61663          11944          61696          22920          60808

32648          59776          44789          60803          55773          60727          66728          62236

77017          63702          89591          65803          99572          65576          11669          65755

22659          65704          33646          64744          44635          65724          55553          71594

66535          73876          77518          75801          88400          88929          66666          30705

72655          07319          06—0          03208          05033          03—9          03413          03359

06—-0          00618          02615          06—-6          00427          66666          26809          19405

10906          06307          05104          01806          0////          10190          01031

72655          009—          99996          03207          00510          00420          00524          79525

GENERAL PURPOSE WORK SHEET